 0.41687935 -0.43957331
 0.37384614  0.18280244
 0.48766527 -0.39138842
-0.34727289  0.35598925
-0.32603679  0.19726587
 0.02971304  0.34848317
-0.30195529 -0.33206073
-0.09034283 -0.40924149
 0.22518465  0.15974556
 0.19959981  0.27684802
-0.00057393 -0.3642249 
 0.23298798  0.48159946
 0.36815014  0.18701849
-0.46479897  0.12438714
-0.32347361 -0.22802789
 0.3682219  -0.48784143
 0.36838363 -0.38557228
 0.0115608  -0.09387674
 0.08854865  0.47020929
-0.32077277 -0.176063  
-0.26339782  0.42009248
-0.32423003 -0.48038172
-0.17712551  0.07784626
-0.43384017 -0.20682418
 0.33991743  0.10535536
-0.06738123 -0.41993346
 0.24075294  0.08906284
 0.00702297  0.30607978
 0.22060801  0.23899445
 0.44451515  0.42674729
-0.00257672  0.09225597
 0.16784021  0.07721375
-0.19530508 -0.17202607
-0.26035699 -0.16866623
-0.39734592 -0.19538924
-0.48435558  0.19011768
 0.12566114  0.20464361
-0.47437753 -0.13327061
 0.01795021  0.36587676
 0.27910153 -0.25748399
 0.38427421 -0.20176738
 0.10515467 -0.31431454
 0.26856432  0.05481903
-0.37009554  0.32547475
-0.07186185  0.33563098
-0.2934778  -0.21387569
 0.34319409  0.29470108
 0.02162242  0.01447803
-0.3345717  -0.10661814
 0.04009207  0.12781424
-0.37632857 -0.25990644
-0.05790358 -0.00075711
 0.17285528 -0.10342616
-0.26909216 -0.13049704
-0.37493597 -0.13577683
-0.22372836  0.27770391
 0.26981855  0.05658526
 0.32987945 -0.32890424
-0.23326533 -0.39773798
-0.06687095  0.41098198
-0.1155516   0.36218981
-0.28565848  0.24009399
 0.44082499  0.20304737
-0.27654413 -0.07816243
-0.13416028  0.41872591
 0.45842546  0.0799042 
-0.07855126 -0.11031077
 0.11331298 -0.24830794
-0.27309593  0.01444377
-0.41759913  0.16238942
-0.14597331  0.03497343
-0.08188725 -0.29858306
-0.17762447  0.0795712 
-0.16033207 -0.12927078
 0.28965087 -0.12310195
-0.11614052 -0.40037143
 0.05469336 -0.38342595
-0.07168147  0.45189214
 0.2262663  -0.42250059
 0.0075858   0.00091885
 0.33076517 -0.49546832
 0.13493664  0.0632371 
 0.15333299  0.42791669
-0.29083063  0.16131438
-0.32377915 -0.34038355
-0.42762379  0.13465714
 0.34569324  0.3204799 
 0.10324116 -0.34689444
-0.25509181 -0.0892235 
-0.19527732 -0.26332035
-0.41581055 -0.08900308
-0.00175478  0.20417885
-0.40710101 -0.3424213 
-0.32052851 -0.2921892 
-0.0065927  -0.14610752
-0.47042299 -0.40350917
-0.49183865  0.05210768
 0.01166354 -0.43485773
-0.13625249  0.4951339 
 0.14143791  0.3031917 
 0.15029737  0.39155616
 0.43929493 -0.38269611
-0.08573453 -0.21707747
-0.24290599 -0.34131714
 0.46795904  0.31763861
-0.29758476  0.45708296
 0.11966279 -0.32830763
-0.09506308 -0.40226431
 0.42794475  0.42629533
 0.36411908 -0.37507791
 0.08558835 -0.35110201
 0.37759698  0.04834526
-0.24413007  0.15367915
 0.35975497  0.02656964
-0.13100497 -0.10809279
-0.15524618  0.31312909
-0.40226965 -0.41703977
 0.42940325 -0.24025836
-0.12519767 -0.13098826
-0.12536328 -0.24229506
-0.33802743 -0.3553727 
 0.47977317  0.03456503
 0.06680159 -0.21129246
-0.21662088 -0.10740822
-0.24593225  0.10856886
 0.15702314 -0.23423944
 0.41550054  0.42309178
-0.46347767 -0.1691021 
 0.21541691 -0.31568449
 0.27685813 -0.07544611
-0.27940401 -0.37187036
 0.1354397  -0.13052828
 0.07263707  0.24225848
-0.1070943  -0.44905686
-0.119427   -0.19413848
 0.18979741  0.01436028
 0.11853037 -0.17092793
 0.18624884 -0.22357202
 0.39727749  0.12200056
 0.25509994 -0.13691995
-0.41327368  0.49390247
 0.29164324  0.07126588
 0.42409115  0.44190938
 0.08559753 -0.20581959
 0.17030939  0.01068833
 0.48702597  0.10375935
-0.22548052 -0.43244385
-0.23803491  0.1457527 
 0.01109651  0.14376473
 0.18868296  0.27533962
 0.08663784 -0.32936189
 0.3758102  -0.30576673
-0.46611887  0.14165387
 0.36879736 -0.44427092
 0.16546734  0.10374399
-0.49484628 -0.11346723
-0.25165262 -0.36212123
-0.30309869  0.21268782
-0.39528773 -0.49244921
 0.09065591  0.15512366
 0.17199739  0.10337786
 0.41791461  0.19995803
-0.37183319 -0.2090185 
-0.49844853  0.19678787
-0.19762318 -0.47352816
-0.10433628  0.48016542
-0.40728348 -0.34689661
-0.07024398  0.10550533
 0.4268791  -0.37230578
 0.39311729  0.42290034
 0.24666374 -0.184149  
-0.33527077  0.20908777
 0.32091102  0.31059411
-0.24344564  0.36385387
 0.28532125 -0.38617961
-0.27110416 -0.35596206
-0.18717346 -0.16530353
-0.06765183  0.14698058
 0.22553883 -0.23681929
-0.16018009  0.26532433
 0.32511587 -0.09988679
 0.48019347 -0.2086679 
-0.11816378  0.39729101
 0.1452797   0.4907666 
 0.17198811 -0.03378904
 0.15999886 -0.2256145 
-0.17872183 -0.40301494
-0.04598763 -0.15520698
 0.4715571   0.45484362
-0.48925539 -0.19971288
-0.44144589  0.32817525
-0.23582927 -0.01742043
 0.4572277  -0.30507191
-0.20124049  0.48047275
 0.40303989 -0.15843307
-0.32983263 -0.41716814
-0.08873224 -0.33580456
 0.3045611   0.36525779
-0.42893122 -0.35174597
-0.08088236  0.47845696
